a (1) = 0 0 55 50
a (2) = 55 0 55 50
a (3) = 0 50 55 50
a (4) = 55 50 55 50

b (1) = 110 0 55 50
b (2) = 110 50 55 50
b (3) = 165 0 55 50
b (4) = 165 50 55 50

c (1) = 0 100 55 50
c (2) = 0 150 55 50
c (3) = 55 100 55 50

d (1) = 0 200 55 50
d (2) = 55 150 55 50
d (3) = 110 100 55 50

e (1) = 55 200 55 50
e (2) = 110 150 55 50
e (3) = 165 100 55 50

f (1) = 110 200 55 50
f (2) = 165 150 55 50
f (3) = 165 200 55 50

g = 220 0 55 50

h = 220 50 55 50

i = 275 0 55 50

j = 220 100 55 50

k (1) = 275 50 55 50
k (2) = 330 0 55 50
k (3) = 220 150 55 50
k (4) = 275 100 55 50
k (5) = 330 50 55 50

l (1) = 385 0 55 50
l (2) = 220 200 55 50
l (3) = 275 150 55 50
l (4) = 330 100 55 50

m (1) = 385 50 55 50
m (2) = 440 0 55 50
m (3) = 275 200 55 50
m (4) = 330 150 55 50
m (5) = 385 100 55 50
m (6) = 440 50 55 50
m (7) = 330 200 55 50
m (8) = 385 150 55 50
